735273065
1075729601
1802604974
2135134206
1736798750
594528896
2032726055
837243953
1424866346
443790804
1060196684
872057504
189616532
1167488694
1145204088
1664340748
1704581530
1945488365
318862993
1081753386
942475887
1534672790
1038308778
1574629901
804517948
502076052
1810246201
111012419
754689202
1530877482
478441245
530727465
808501092
771726076
1392389430
1478247062
1821423964
1440641291
1695274052
1574690249
1918301713
1499721906
729731479
1297946795
936352422
360811912
1461135403
856921465
1459402843
744142539
1113985358
592275736
1859484716
194031019
1963274127
411099270
895838260
166612577
1899549328
1094403982
1668864890
775459658
1921798270
28504125
16330051
512507198
241729131
1911680836
602828514
1904247409
1926731248
513713414
44128533
1424088027
607089588
1467509461
302847730
1319218996
1888983458
1630028629
437554278
804299541
695554799
1757784675
751625307
714705906
1804176736
1161032023
89700593
1063320596
1030069393
572808045
1608584957
1197140223
1980717745
1050077351
318055926
812266152
479119192
1953753425
666035967
1186161055
1648874469
168787670
1760918882
1621140091
631616375
115654120
71619927
304122661
1514112372
1080150169
610430271
991482325
692239256
849653482
1330400793
1658644805
928367650
1848196804
734559914
1639826571
1044109536
388433405
1690635965
64883172
666594589
39365209
1995339255
1551591460
1139022048
959394518
855675016
1940698322
1321379454
941243179
1140424740
913296634
1996447706
1208717784
400618949
838853255
2106533203
1853436132
390538918
1926808549
929091903
619372287
1835867062
1278542566
1613947590
1444137800
90367158
581651238
1418970912
1185056395
694503581
130981051
2012361125
1321088982
449168955
56963228
1428856146
1355967439
48217894
1936072630
1540135760
1256851944
65574868
1594272480
1746654877
1524993654
884973152
222815223
1397748416
1276072895
1546195844
2130471457
705508620
533029627
1901710448
1543066960
1904182348
1242338222
379092974
1836534163
500165264
1188415433
1724816124
660046964
1478693167
1676079369
777863276
1405560184
586652136
2095714160
1763043774
489063706
1874478205
1774781765
1834207682
80225850
429039738
318921554
2094980330
2043169579
1263116737
443584290
599810169
1162460032
1702559815
579545231
1328048790
1648399681
1896692536
1886964076
543178697
1571779729
528725083
183152388
370444705
1434175680
973106113
967648703
844461656
27217760
1887921808
297067622
337436291
2030463067
1745315050
971045850
1580916097
1514449313
1298147296
173909542
697152719
534756214
545153632
242861511
1688361366
2143807614
1781216295
1844496401
1839041917
1185907310
1756169485
1566457647
78416631
346796930
185622973
925854816
256506122
994513327
581605802
319921077
446312564
1653209755
447086038
2088527561
1744408057
2008943785
1922701101
909897296
1286918537
1944842010
1344122967
946674688
1915157159
1742401031
1870946192
1846900074
715422148
1035470804
1181279981
413099257
443062594
2139660911
1279971320
1051545202
1318778159
1137451764
1307647585
1539082490
894160592
1719834983
1546904703
1602456662
261020599
1376993624
131037278
1625228611
904000715
131009402
1831558440
1176360648
932451860
1301223534
247374011
1530577255
1315737559
375115247
234955528
1293036309
2071306364
548978701
1059383127
1406648513
1734854257
1258243201
964695861
318030000
1349442535
32160420
795702457
806043601
1878461137
559186687
360241890
1995279793
1742265597
1455445046
1411698949
887373931
1149924854
1477886659
1129204315
1468374862
461192142
263378610
1298704157
162192120
850743274
66145487
441185058
1252295441
1728569683
323530059
43846683
518294241
1166711409
1056642196
1205669758
1056648442
1690531867
668831475
2041588610
1692691057
1737136549
786299815
420711637
797428736
1991830751
1110355148
1463402597
120634292
1451969153
1380279584
651928785
1172095652
1809442832
1640701163
986590891
1024582154
1256272799
1899760078
1004823749
1897288033
1930702539
1190722353
1306008733
964740396
473497269
1357819409
1401686271
2064055544
1111767612
1969591351
387856756
1886720463
1131686875
971955882
14622357
1026260967
1505176254
1361994207
293292076
505050084
62088442
2779